,type,this_epoch,total_epochs,batch_num,loss
1,epoch,1,1250,1,298496.72
3,epoch,2,1250,1,204559.16
5,epoch,3,1250,1,133542.88
7,epoch,4,1250,1,86593.86
9,epoch,5,1250,1,60935.65
11,epoch,6,1250,1,48697.773
13,epoch,7,1250,1,44166.48
15,epoch,8,1250,1,44090.652
17,epoch,9,1250,1,46577.633
19,epoch,10,1250,1,49498.258
21,epoch,11,1250,1,51825.504
23,epoch,12,1250,1,52946.023
25,epoch,13,1250,1,52590.145
27,epoch,14,1250,1,51563.027
29,epoch,15,1250,1,50640.445
31,epoch,16,1250,1,49718.395
33,epoch,17,1250,1,48635.87
35,epoch,18,1250,1,47380.91
37,epoch,19,1250,1,46134.652
39,epoch,20,1250,1,45120.117
41,epoch,21,1250,1,44442.66
43,epoch,22,1250,1,44063.3
45,epoch,23,1250,1,43918.36
47,epoch,24,1250,1,43992.95
49,epoch,25,1250,1,44265.453
51,epoch,26,1250,1,44642.742
53,epoch,27,1250,1,44979.367
55,epoch,28,1250,1,45166.164
57,epoch,29,1250,1,45170.684
59,epoch,30,1250,1,44996.12
61,epoch,31,1250,1,44853.906
63,epoch,32,1250,1,44744.195
65,epoch,33,1250,1,44497.324
67,epoch,34,1250,1,44197.164
69,epoch,35,1250,1,43979.008
71,epoch,36,1250,1,43808.977
73,epoch,37,1250,1,43614.14
75,epoch,38,1250,1,43513.977
77,epoch,39,1250,1,43497.49
79,epoch,40,1250,1,43480.137
81,epoch,41,1250,1,43543.797
83,epoch,42,1250,1,43643.965
85,epoch,43,1250,1,43658.105
87,epoch,44,1250,1,43610.67
89,epoch,45,1250,1,43564.523
91,epoch,46,1250,1,43466.668
93,epoch,47,1250,1,43370.52
95,epoch,48,1250,1,43283.64
97,epoch,49,1250,1,43162.203
99,epoch,50,1250,1,43077.4
101,epoch,51,1250,1,42992.434
103,epoch,52,1250,1,42901.008
105,epoch,53,1250,1,42844.973
107,epoch,54,1250,1,42782.09
109,epoch,55,1250,1,42750.387
111,epoch,56,1250,1,42712.777
113,epoch,57,1250,1,42653.258
115,epoch,58,1250,1,42590.93
117,epoch,59,1250,1,42504.582
119,epoch,60,1250,1,42426.85
121,epoch,61,1250,1,42336.133
123,epoch,62,1250,1,42246.934
125,epoch,63,1250,1,42163.844
127,epoch,64,1250,1,42077.55
129,epoch,65,1250,1,42001.55
131,epoch,66,1250,1,41920.215
133,epoch,67,1250,1,41847.64
135,epoch,68,1250,1,41780.344
137,epoch,69,1250,1,41712.297
139,epoch,70,1250,1,41645.746
141,epoch,71,1250,1,41572.348
143,epoch,72,1250,1,41499.656
145,epoch,73,1250,1,41426.57
147,epoch,74,1250,1,41351.375
149,epoch,75,1250,1,41280.05
151,epoch,76,1250,1,41209.543
153,epoch,77,1250,1,41140.637
155,epoch,78,1250,1,41073.86
157,epoch,79,1250,1,41006.59
159,epoch,80,1250,1,40941.914
161,epoch,81,1250,1,40879.188
163,epoch,82,1250,1,40816.125
165,epoch,83,1250,1,40754.008
167,epoch,84,1250,1,40691.785
169,epoch,85,1250,1,40629.684
171,epoch,86,1250,1,40568.625
173,epoch,87,1250,1,40507.746
175,epoch,88,1250,1,40448.4
177,epoch,89,1250,1,40390.703
179,epoch,90,1250,1,40333.555
181,epoch,91,1250,1,40277.594
183,epoch,92,1250,1,40222.484
185,epoch,93,1250,1,40168.258
187,epoch,94,1250,1,40115.297
189,epoch,95,1250,1,40062.883
191,epoch,96,1250,1,40011.453
193,epoch,97,1250,1,39961.01
195,epoch,98,1250,1,39911.215
197,epoch,99,1250,1,39862.492
199,epoch,100,1250,1,39814.6
201,epoch,101,1250,1,39767.86
203,epoch,102,1250,1,39722.14
205,epoch,103,1250,1,39677.195
207,epoch,104,1250,1,39633.25
209,epoch,105,1250,1,39590.035
211,epoch,106,1250,1,39547.75
213,epoch,107,1250,1,39506.246
215,epoch,108,1250,1,39465.617
217,epoch,109,1250,1,39425.84
219,epoch,110,1250,1,39386.78
221,epoch,111,1250,1,39348.48
223,epoch,112,1250,1,39310.816
225,epoch,113,1250,1,39273.906
227,epoch,114,1250,1,39237.58
229,epoch,115,1250,1,39201.918
231,epoch,116,1250,1,39166.812
233,epoch,117,1250,1,39132.336
235,epoch,118,1250,1,39098.35
237,epoch,119,1250,1,39064.94
239,epoch,120,1250,1,39032.02
241,epoch,121,1250,1,38999.65
243,epoch,122,1250,1,38967.715
245,epoch,123,1250,1,38936.223
247,epoch,124,1250,1,38905.152
249,epoch,125,1250,1,38874.453
251,epoch,126,1250,1,38844.14
253,epoch,127,1250,1,38814.168
255,epoch,128,1250,1,38784.543
257,epoch,129,1250,1,38755.25
259,epoch,130,1250,1,38726.24
261,epoch,131,1250,1,38697.523
263,epoch,132,1250,1,38669.074
265,epoch,133,1250,1,38640.863
267,epoch,134,1250,1,38612.88
269,epoch,135,1250,1,38585.137
271,epoch,136,1250,1,38557.582
273,epoch,137,1250,1,38530.215
275,epoch,138,1250,1,38503.03
277,epoch,139,1250,1,38476.03
279,epoch,140,1250,1,38449.21
281,epoch,141,1250,1,38422.57
283,epoch,142,1250,1,38396.098
285,epoch,143,1250,1,38369.793
287,epoch,144,1250,1,38343.65
289,epoch,145,1250,1,38317.68
291,epoch,146,1250,1,38291.977
293,epoch,147,1250,1,38267.3
295,epoch,148,1250,1,38250.58
297,epoch,149,1250,1,38307.78
299,epoch,150,1250,1,38835.484
301,epoch,151,1250,1,39180.97
303,epoch,152,1250,1,38192.273
305,epoch,153,1250,1,38656.844
307,epoch,154,1250,1,38360.793
309,epoch,155,1250,1,38281.72
311,epoch,156,1250,1,38388.332
313,epoch,157,1250,1,38144.715
315,epoch,158,1250,1,38327.89
317,epoch,159,1250,1,38080.29
319,epoch,160,1250,1,38243.676
321,epoch,161,1250,1,38044.67
323,epoch,162,1250,1,38159.914
325,epoch,163,1250,1,38007.305
327,epoch,164,1250,1,38081.223
329,epoch,165,1250,1,37970.01
331,epoch,166,1250,1,38010.883
333,epoch,167,1250,1,37921.598
335,epoch,168,1250,1,37950.586
337,epoch,169,1250,1,37868.41
339,epoch,170,1250,1,37898.805
341,epoch,171,1250,1,37806.414
343,epoch,172,1250,1,37851.832
345,epoch,173,1250,1,37746.56
347,epoch,174,1250,1,37803.844
349,epoch,175,1250,1,37696.69
351,epoch,176,1250,1,37733.367
353,epoch,177,1250,1,37670.977
355,epoch,178,1250,1,37642.96
357,epoch,179,1250,1,37655.434
359,epoch,180,1250,1,37575.234
361,epoch,181,1250,1,37589.83
363,epoch,182,1250,1,37571.54
365,epoch,183,1250,1,37503.76
367,epoch,184,1250,1,37513.21
369,epoch,185,1250,1,37509.285
371,epoch,186,1250,1,37445.74
373,epoch,187,1250,1,37419.023
375,epoch,188,1250,1,37431.08
377,epoch,189,1250,1,37414.973
379,epoch,190,1250,1,37369.53
381,epoch,191,1250,1,37327.383
383,epoch,192,1250,1,37311.168
385,epoch,193,1250,1,37311.684
387,epoch,194,1250,1,37309.438
389,epoch,195,1250,1,37301.098
391,epoch,196,1250,1,37274.004
393,epoch,197,1250,1,37244.207
395,epoch,198,1250,1,37206.484
397,epoch,199,1250,1,37172.633
399,epoch,200,1250,1,37141.01
401,epoch,201,1250,1,37113.45
403,epoch,202,1250,1,37088.61
405,epoch,203,1250,1,37065.453
407,epoch,204,1250,1,37043.26
409,epoch,205,1250,1,37021.56
411,epoch,206,1250,1,37000.234
413,epoch,207,1250,1,36979.746
415,epoch,208,1250,1,36961.453
417,epoch,209,1250,1,36950.47
419,epoch,210,1250,1,36965.207
421,epoch,211,1250,1,37054.434
423,epoch,212,1250,1,37392.75
425,epoch,213,1250,1,37584.613
427,epoch,214,1250,1,37633.723
429,epoch,215,1250,1,36834.86
431,epoch,216,1250,1,37235.05
433,epoch,217,1250,1,37590.953
435,epoch,218,1250,1,36794.934
437,epoch,219,1250,1,37672.277
439,epoch,220,1250,1,37159.957
441,epoch,221,1250,1,37108.086
443,epoch,222,1250,1,37249.855
445,epoch,223,1250,1,36776.324
447,epoch,224,1250,1,37156.203
449,epoch,225,1250,1,36738.96
451,epoch,226,1250,1,37119.477
453,epoch,227,1250,1,36669.867
455,epoch,228,1250,1,36957.133
457,epoch,229,1250,1,36623.387
459,epoch,230,1250,1,36879.746
461,epoch,231,1250,1,36606.465
463,epoch,232,1250,1,36727.855
465,epoch,233,1250,1,36573.094
467,epoch,234,1250,1,36583.82
469,epoch,235,1250,1,36590.387
471,epoch,236,1250,1,36455.953
473,epoch,237,1250,1,36587.6
475,epoch,238,1250,1,36399.055
477,epoch,239,1250,1,36432.18
479,epoch,240,1250,1,36430.543
481,epoch,241,1250,1,36297.15
483,epoch,242,1250,1,36344.54
485,epoch,243,1250,1,36309.34
487,epoch,244,1250,1,36223.9
489,epoch,245,1250,1,36240.445
491,epoch,246,1250,1,36230.36
493,epoch,247,1250,1,36166.25
495,epoch,248,1250,1,36138.453
497,epoch,249,1250,1,36150.31
499,epoch,250,1250,1,36131.06
501,epoch,251,1250,1,36071.51
503,epoch,252,1250,1,36048.348
505,epoch,253,1250,1,36052.992
507,epoch,254,1250,1,36028.062
509,epoch,255,1250,1,35984.047
511,epoch,256,1250,1,35950.02
513,epoch,257,1250,1,35939.17
515,epoch,258,1250,1,35929.39
517,epoch,259,1250,1,35896.85
519,epoch,260,1250,1,35859.246
521,epoch,261,1250,1,35832.805
523,epoch,262,1250,1,35818.113
525,epoch,263,1250,1,35801.746
527,epoch,264,1250,1,35772.895
529,epoch,265,1250,1,35740.76
531,epoch,266,1250,1,35714.277
533,epoch,267,1250,1,35695.055
535,epoch,268,1250,1,35676.83
537,epoch,269,1250,1,35653.133
539,epoch,270,1250,1,35625.36
541,epoch,271,1250,1,35596.92
543,epoch,272,1250,1,35571.23
545,epoch,273,1250,1,35548.63
547,epoch,274,1250,1,35527.41
549,epoch,275,1250,1,35505.305
551,epoch,276,1250,1,35480.188
553,epoch,277,1250,1,35446.562
555,epoch,278,1250,1,35352.37
557,epoch,279,1250,1,35422.11
559,epoch,280,1250,1,35411.6
561,epoch,281,1250,1,35413.25
563,epoch,282,1250,1,35441.12
565,epoch,283,1250,1,35418.188
567,epoch,284,1250,1,35398.402
569,epoch,285,1250,1,35196.223
571,epoch,286,1250,1,35210.87
573,epoch,287,1250,1,35126.043
575,epoch,288,1250,1,35032.734
577,epoch,289,1250,1,35057.453
579,epoch,290,1250,1,34983.957
581,epoch,291,1250,1,35010.285
583,epoch,292,1250,1,34996.055
585,epoch,293,1250,1,34963.777
587,epoch,294,1250,1,34931.902
589,epoch,295,1250,1,34931.566
591,epoch,296,1250,1,34741.043
593,epoch,297,1250,1,34642.086
595,epoch,298,1250,1,34526.977
597,epoch,299,1250,1,34448.996
599,epoch,300,1250,1,34429.734
601,epoch,301,1250,1,34390.715
603,epoch,302,1250,1,34336.89
605,epoch,303,1250,1,34247.785
607,epoch,304,1250,1,34174.06
609,epoch,305,1250,1,34064.355
611,epoch,306,1250,1,33977.516
613,epoch,307,1250,1,33900.47
615,epoch,308,1250,1,33820.49
617,epoch,309,1250,1,33739.574
619,epoch,310,1250,1,33675.406
621,epoch,311,1250,1,33623.6
623,epoch,312,1250,1,33636.543
625,epoch,313,1250,1,33658.59
627,epoch,314,1250,1,34015.82
629,epoch,315,1250,1,33385.246
631,epoch,316,1250,1,33170.242
633,epoch,317,1250,1,33166.15
635,epoch,318,1250,1,33202.38
637,epoch,319,1250,1,33314.05
639,epoch,320,1250,1,32880.76
641,epoch,321,1250,1,32845.1
643,epoch,322,1250,1,33070.652
645,epoch,323,1250,1,32662.611
647,epoch,324,1250,1,32575.78
649,epoch,325,1250,1,32713.531
651,epoch,326,1250,1,32418.26
653,epoch,327,1250,1,32308.88
655,epoch,328,1250,1,32364.535
657,epoch,329,1250,1,32198.455
659,epoch,330,1250,1,32051.229
661,epoch,331,1250,1,31979.26
663,epoch,332,1250,1,31951.525
665,epoch,333,1250,1,31925.045
667,epoch,334,1250,1,31772.559
669,epoch,335,1250,1,31655.09
671,epoch,336,1250,1,31580.95
673,epoch,337,1250,1,31537.326
675,epoch,338,1250,1,31512.7
677,epoch,339,1250,1,31420.348
679,epoch,340,1250,1,31344.762
681,epoch,341,1250,1,31230.07
683,epoch,342,1250,1,31135.969
685,epoch,343,1250,1,31053.922
687,epoch,344,1250,1,30984.025
689,epoch,345,1250,1,30923.04
691,epoch,346,1250,1,30865.025
693,epoch,347,1250,1,30817.21
695,epoch,348,1250,1,30746.777
697,epoch,349,1250,1,30691.861
699,epoch,350,1250,1,30598.889
701,epoch,351,1250,1,30520.654
703,epoch,352,1250,1,30433.479
705,epoch,353,1250,1,30355.348
707,epoch,354,1250,1,30282.65
709,epoch,355,1250,1,30214.71
711,epoch,356,1250,1,30150.426
713,epoch,357,1250,1,30089.24
715,epoch,358,1250,1,30032.031
717,epoch,359,1250,1,29974.885
719,epoch,360,1250,1,29931.105
721,epoch,361,1250,1,29874.734
723,epoch,362,1250,1,29855.041
725,epoch,363,1250,1,29779.037
727,epoch,364,1250,1,29765.37
729,epoch,365,1250,1,29646.258
731,epoch,366,1250,1,29584.42
733,epoch,367,1250,1,29478.059
735,epoch,368,1250,1,29400.045
737,epoch,369,1250,1,29323.703
739,epoch,370,1250,1,29255.902
741,epoch,371,1250,1,29192.793
743,epoch,372,1250,1,29132.672
745,epoch,373,1250,1,29075.033
747,epoch,374,1250,1,29020.934
749,epoch,375,1250,1,28974.402
751,epoch,376,1250,1,28935.988
753,epoch,377,1250,1,28945.195
755,epoch,378,1250,1,28928.105
757,epoch,379,1250,1,29099.148
759,epoch,380,1250,1,28786.361
761,epoch,381,1250,1,28659.535
763,epoch,382,1250,1,28560.412
765,epoch,383,1250,1,28506.342
767,epoch,384,1250,1,28488.748
769,epoch,385,1250,1,28476.268
771,epoch,386,1250,1,28535.08
773,epoch,387,1250,1,28388.422
775,epoch,388,1250,1,28318.516
777,epoch,389,1250,1,28200.697
779,epoch,390,1250,1,28127.346
781,epoch,391,1250,1,28085.451
783,epoch,392,1250,1,28062.758
785,epoch,393,1250,1,28077.996
787,epoch,394,1250,1,28024.54
789,epoch,395,1250,1,28056.006
791,epoch,396,1250,1,27906.754
793,epoch,397,1250,1,27837.152
795,epoch,398,1250,1,27741.135
797,epoch,399,1250,1,27673.45
799,epoch,400,1250,1,27618.307
801,epoch,401,1250,1,27572.475
803,epoch,402,1250,1,27536.682
805,epoch,403,1250,1,27513.396
807,epoch,404,1250,1,27543.48
809,epoch,405,1250,1,27534.785
811,epoch,406,1250,1,27727.354
813,epoch,407,1250,1,27369.838
815,epoch,408,1250,1,27246.45
817,epoch,409,1250,1,27222.758
819,epoch,410,1250,1,27257.98
821,epoch,411,1250,1,27441.055
823,epoch,412,1250,1,27155.736
825,epoch,413,1250,1,27036.32
827,epoch,414,1250,1,26972.979
829,epoch,415,1250,1,26960.646
831,epoch,416,1250,1,27000.979
833,epoch,417,1250,1,26946.092
835,epoch,418,1250,1,26953.553
837,epoch,419,1250,1,26809.943
839,epoch,420,1250,1,26729.908
841,epoch,421,1250,1,26670.38
843,epoch,422,1250,1,26631.883
845,epoch,423,1250,1,26613.34
847,epoch,424,1250,1,26611.441
849,epoch,425,1250,1,26704.014
851,epoch,426,1250,1,26645.889
853,epoch,427,1250,1,26804.38
855,epoch,428,1250,1,26443.592
857,epoch,429,1250,1,26357.566
859,epoch,430,1250,1,26436.389
861,epoch,431,1250,1,26458.004
863,epoch,432,1250,1,26670.826
865,epoch,433,1250,1,26214.965
867,epoch,434,1250,1,26293.404
869,epoch,435,1250,1,26788.113
871,epoch,436,1250,1,26110.09
873,epoch,437,1250,1,27455.502
875,epoch,438,1250,1,28501.81
877,epoch,439,1250,1,28843.59
879,epoch,440,1250,1,28414.092
881,epoch,441,1250,1,28517.215
883,epoch,442,1250,1,28546.209
885,epoch,443,1250,1,28224.371
887,epoch,444,1250,1,27842.176
889,epoch,445,1250,1,27852.254
891,epoch,446,1250,1,28094.61
893,epoch,447,1250,1,27993.191
895,epoch,448,1250,1,27542.727
897,epoch,449,1250,1,27276.146
899,epoch,450,1250,1,27295.889
901,epoch,451,1250,1,27315.168
903,epoch,452,1250,1,27207.25
905,epoch,453,1250,1,27050.402
907,epoch,454,1250,1,26753.111
909,epoch,455,1250,1,25923.19
911,epoch,456,1250,1,27643.104
913,epoch,457,1250,1,26863.186
915,epoch,458,1250,1,27663.602
917,epoch,459,1250,1,27208.57
919,epoch,460,1250,1,26885.406
921,epoch,461,1250,1,27117.1
923,epoch,462,1250,1,27273.438
925,epoch,463,1250,1,26994.889
927,epoch,464,1250,1,26713.406
929,epoch,465,1250,1,26798.516
931,epoch,466,1250,1,26990.457
933,epoch,467,1250,1,26910.02
935,epoch,468,1250,1,26645.238
937,epoch,469,1250,1,26511.236
939,epoch,470,1250,1,26555.273
941,epoch,471,1250,1,26582.012
943,epoch,472,1250,1,26502.186
945,epoch,473,1250,1,26411.172
947,epoch,474,1250,1,26383.93
949,epoch,475,1250,1,26377.244
951,epoch,476,1250,1,26330.059
953,epoch,477,1250,1,26252.303
955,epoch,478,1250,1,26192.092
957,epoch,479,1250,1,26170.176
959,epoch,480,1250,1,26165.553
961,epoch,481,1250,1,26143.49
963,epoch,482,1250,1,26092.203
965,epoch,483,1250,1,26034.787
967,epoch,484,1250,1,25999.793
969,epoch,485,1250,1,25982.37
971,epoch,486,1250,1,25953.31
973,epoch,487,1250,1,25905.746
975,epoch,488,1250,1,25864.553
977,epoch,489,1250,1,25843.025
979,epoch,490,1250,1,25820.715
981,epoch,491,1250,1,25778.318
983,epoch,492,1250,1,25730.629
985,epoch,493,1250,1,25702.068
987,epoch,494,1250,1,25685.725
989,epoch,495,1250,1,25656.61
991,epoch,496,1250,1,25612.541
993,epoch,497,1250,1,25573.395
995,epoch,498,1250,1,25546.084
997,epoch,499,1250,1,25515.988
999,epoch,500,1250,1,25473.717
1001,epoch,501,1250,1,25427.666
1003,epoch,502,1250,1,25380.643
1005,epoch,503,1250,1,25289.76
1007,epoch,504,1250,1,25090.926
1009,epoch,505,1250,1,25214.545
1011,epoch,506,1250,1,25029.951
1013,epoch,507,1250,1,24896.125
1015,epoch,508,1250,1,24946.416
1017,epoch,509,1250,1,24744.475
1019,epoch,510,1250,1,24720.28
1021,epoch,511,1250,1,24634.662
1023,epoch,512,1250,1,24408.725
1025,epoch,513,1250,1,24351.182
1027,epoch,514,1250,1,24169.52
1029,epoch,515,1250,1,24029.354
1031,epoch,516,1250,1,23938.076
1033,epoch,517,1250,1,23719.215
1035,epoch,518,1250,1,23602.248
1037,epoch,519,1250,1,23432.42
1039,epoch,520,1250,1,23261.168
1041,epoch,521,1250,1,23142.057
1043,epoch,522,1250,1,22946.03
1045,epoch,523,1250,1,22793.576
1047,epoch,524,1250,1,22639.223
1049,epoch,525,1250,1,22472.117
1051,epoch,526,1250,1,22385.096
1053,epoch,527,1250,1,22280.207
1055,epoch,528,1250,1,22172.75
1057,epoch,529,1250,1,22076.969
1059,epoch,530,1250,1,21936.406
1061,epoch,531,1250,1,21842.803
1063,epoch,532,1250,1,21743.307
1065,epoch,533,1250,1,21620.984
1067,epoch,534,1250,1,21533.006
1069,epoch,535,1250,1,21419.188
1071,epoch,536,1250,1,21336.379
1073,epoch,537,1250,1,21256.643
1075,epoch,538,1250,1,21171.867
1077,epoch,539,1250,1,21101.53
1079,epoch,540,1250,1,21010.668
1081,epoch,541,1250,1,20944.611
1083,epoch,542,1250,1,20863.178
1085,epoch,543,1250,1,20807.61
1087,epoch,544,1250,1,20734.17
1089,epoch,545,1250,1,20679.459
1091,epoch,546,1250,1,20611.023
1093,epoch,547,1250,1,20560.83
1095,epoch,548,1250,1,20503.428
1097,epoch,549,1250,1,20452.682
1099,epoch,550,1250,1,20400.986
1101,epoch,551,1250,1,20345.281
1103,epoch,552,1250,1,20301.04
1105,epoch,553,1250,1,20249.29
1107,epoch,554,1250,1,20204.924
1109,epoch,555,1250,1,20160.336
1111,epoch,556,1250,1,20112.258
1113,epoch,557,1250,1,20072.348
1115,epoch,558,1250,1,20031.24
1117,epoch,559,1250,1,19986.035
1119,epoch,560,1250,1,19945.242
1121,epoch,561,1250,1,19907.312
1123,epoch,562,1250,1,19866.81
1125,epoch,563,1250,1,19825.57
1127,epoch,564,1250,1,19786.682
1129,epoch,565,1250,1,19750.518
1131,epoch,566,1250,1,19716.56
1133,epoch,567,1250,1,19686.254
1135,epoch,568,1250,1,19667.082
1137,epoch,569,1250,1,19672.363
1139,epoch,570,1250,1,19765.002
1141,epoch,571,1250,1,19755.904
1143,epoch,572,1250,1,19706.367
1145,epoch,573,1250,1,19486.312
1147,epoch,574,1250,1,19568.799
1149,epoch,575,1250,1,19677.986
1151,epoch,576,1250,1,19403.166
1153,epoch,577,1250,1,19549.047
1155,epoch,578,1250,1,19599.95
1157,epoch,579,1250,1,19336.074
1159,epoch,580,1250,1,19625.486
1161,epoch,581,1250,1,19429.06
1163,epoch,582,1250,1,19369.559
1165,epoch,583,1250,1,19460.959
1167,epoch,584,1250,1,19209.447
1169,epoch,585,1250,1,19349.842
1171,epoch,586,1250,1,19166.496
1173,epoch,587,1250,1,19273.225
1175,epoch,588,1250,1,19170.512
1177,epoch,589,1250,1,19158.576
1179,epoch,590,1250,1,19154.066
1181,epoch,591,1250,1,19053.73
1183,epoch,592,1250,1,19109.607
1185,epoch,593,1250,1,19001.385
1187,epoch,594,1250,1,19052.293
1189,epoch,595,1250,1,18994.822
1191,epoch,596,1250,1,18956.854
1193,epoch,597,1250,1,18986.504
1195,epoch,598,1250,1,18899.135
1197,epoch,599,1250,1,18907.314
1199,epoch,600,1250,1,18890.182
1201,epoch,601,1250,1,18832.244
1203,epoch,602,1250,1,18842.088
1205,epoch,603,1250,1,18810.799
1207,epoch,604,1250,1,18774.36
1209,epoch,605,1250,1,18775.783
1211,epoch,606,1250,1,18746.842
1213,epoch,607,1250,1,18717.596
1215,epoch,608,1250,1,18712.52
1217,epoch,609,1250,1,18691.238
1219,epoch,610,1250,1,18663.24
1221,epoch,611,1250,1,18651.303
1223,epoch,612,1250,1,18638.602
1225,epoch,613,1250,1,18614.852
1227,epoch,614,1250,1,18594.39
1229,epoch,615,1250,1,18583.336
1231,epoch,616,1250,1,18569.312
1233,epoch,617,1250,1,18547.457
1235,epoch,618,1250,1,18528.287
1237,epoch,619,1250,1,18515.428
1239,epoch,620,1250,1,18502.574
1241,epoch,621,1250,1,18485.46
1243,epoch,622,1250,1,18466.29
1245,epoch,623,1250,1,18449.555
1247,epoch,624,1250,1,18436.012
1249,epoch,625,1250,1,18423.268
1251,epoch,626,1250,1,18408.934
1253,epoch,627,1250,1,18392.695
1255,epoch,628,1250,1,18375.844
1257,epoch,629,1250,1,18359.846
1259,epoch,630,1250,1,18345.025
1261,epoch,631,1250,1,18331.246
1263,epoch,632,1250,1,18318.213
1265,epoch,633,1250,1,18305.338
1267,epoch,634,1250,1,18292.736
1269,epoch,635,1250,1,18280.555
1271,epoch,636,1250,1,18268.879
1273,epoch,637,1250,1,18259.316
1275,epoch,638,1250,1,18251.168
1277,epoch,639,1250,1,18250.814
1279,epoch,640,1250,1,18252.152
1281,epoch,641,1250,1,18278.666
1283,epoch,642,1250,1,18283.398
1285,epoch,643,1250,1,18329.635
1287,epoch,644,1250,1,18259.354
1289,epoch,645,1250,1,18209.76
1291,epoch,646,1250,1,18140.13
1293,epoch,647,1250,1,18119.465
1295,epoch,648,1250,1,18138.486
1297,epoch,649,1250,1,18147.984
1299,epoch,650,1250,1,18145.625
1301,epoch,651,1250,1,18094.412
1303,epoch,652,1250,1,18056.34
1305,epoch,653,1250,1,18040.275
1307,epoch,654,1250,1,18043.559
1309,epoch,655,1250,1,18057.418
1311,epoch,656,1250,1,18055.479
1313,epoch,657,1250,1,18062.041
1315,epoch,658,1250,1,18033.629
1317,epoch,659,1250,1,18018.17
1319,epoch,660,1250,1,17983.242
1321,epoch,661,1250,1,17958.383
1323,epoch,662,1250,1,17933.613
1325,epoch,663,1250,1,17914.719
1327,epoch,664,1250,1,17899.986
1329,epoch,665,1250,1,17888.383
1331,epoch,666,1250,1,17879.25
1333,epoch,667,1250,1,17872.826
1335,epoch,668,1250,1,17872.363
1337,epoch,669,1250,1,17877.043
1339,epoch,670,1250,1,17909.506
1341,epoch,671,1250,1,17934.664
1343,epoch,672,1250,1,18040.633
1345,epoch,673,1250,1,17963.225
1347,epoch,674,1250,1,17935.947
1349,epoch,675,1250,1,17799.146
1351,epoch,676,1250,1,17761.885
1353,epoch,677,1250,1,17807.988
1355,epoch,678,1250,1,17815.467
1357,epoch,679,1250,1,17789.81
1359,epoch,680,1250,1,17718.438
1361,epoch,681,1250,1,17706.28
1363,epoch,682,1250,1,17737.79
1365,epoch,683,1250,1,17729.77
1367,epoch,684,1250,1,17703.912
1369,epoch,685,1250,1,17655.033
1371,epoch,686,1250,1,17632.809
1373,epoch,687,1250,1,17636.406
1375,epoch,688,1250,1,17647.18
1377,epoch,689,1250,1,17666.707
1379,epoch,690,1250,1,17648.275
1381,epoch,691,1250,1,17640.666
1383,epoch,692,1250,1,17596.277
1385,epoch,693,1250,1,17563.424
1387,epoch,694,1250,1,17532.49
1389,epoch,695,1250,1,17512.896
1391,epoch,696,1250,1,17500.709
1393,epoch,697,1250,1,17485.412
1395,epoch,698,1250,1,17483.852
1397,epoch,699,1250,1,17460.271
1399,epoch,700,1250,1,17463.04
1401,epoch,701,1250,1,17418.514
1403,epoch,702,1250,1,17435.736
1405,epoch,703,1250,1,17331.645
1407,epoch,704,1250,1,17271.47
1409,epoch,705,1250,1,17131.156
1411,epoch,706,1250,1,17064.133
1413,epoch,707,1250,1,17037.664
1415,epoch,708,1250,1,16998.2
1417,epoch,709,1250,1,16932.86
1419,epoch,710,1250,1,16825.623
1421,epoch,711,1250,1,16722.81
1423,epoch,712,1250,1,16621.709
1425,epoch,713,1250,1,16515.78
1427,epoch,714,1250,1,16429.174
1429,epoch,715,1250,1,16366.653
1431,epoch,716,1250,1,16663.49
1433,epoch,717,1250,1,16136.447
1435,epoch,718,1250,1,16063.996
1437,epoch,719,1250,1,15580.862
1439,epoch,720,1250,1,15597.483
1441,epoch,721,1250,1,15839.945
1443,epoch,722,1250,1,15123.153
1445,epoch,723,1250,1,15715.841
1447,epoch,724,1250,1,15445.613
1449,epoch,725,1250,1,15269.888
1451,epoch,726,1250,1,15031.343
1453,epoch,727,1250,1,14866.494
1455,epoch,728,1250,1,14803.883
1457,epoch,729,1250,1,14798.616
1459,epoch,730,1250,1,14442.344
1461,epoch,731,1250,1,14649.164
1463,epoch,732,1250,1,14266.595
1465,epoch,733,1250,1,14420.404
1467,epoch,734,1250,1,14067.174
1469,epoch,735,1250,1,14254.122
1471,epoch,736,1250,1,13900.351
1473,epoch,737,1250,1,14025.104
1475,epoch,738,1250,1,13751.299
1477,epoch,739,1250,1,13899.857
1479,epoch,740,1250,1,13688.306
1481,epoch,741,1250,1,13701.453
1483,epoch,742,1250,1,13605.7705
1485,epoch,743,1250,1,13495.568
1487,epoch,744,1250,1,13527.662
1489,epoch,745,1250,1,13369.793
1491,epoch,746,1250,1,13433.581
1493,epoch,747,1250,1,13313.691
1495,epoch,748,1250,1,13262.775
1497,epoch,749,1250,1,13248.137
1499,epoch,750,1250,1,13139.525
1501,epoch,751,1250,1,13110.377
1503,epoch,752,1250,1,13054.486
1505,epoch,753,1250,1,13052.01
1507,epoch,754,1250,1,12926.146
1509,epoch,755,1250,1,12927.108
1511,epoch,756,1250,1,12928.322
1513,epoch,757,1250,1,12831.869
1515,epoch,758,1250,1,12758.501
1517,epoch,759,1250,1,12710.606
1519,epoch,760,1250,1,12737.003
1521,epoch,761,1250,1,12827.239
1523,epoch,762,1250,1,12886.695
1525,epoch,763,1250,1,13245.523
1527,epoch,764,1250,1,12538.837
1529,epoch,765,1250,1,13142.207
1531,epoch,766,1250,1,13477.834
1533,epoch,767,1250,1,13108.324
1535,epoch,768,1250,1,12950.186
1537,epoch,769,1250,1,13111.066
1539,epoch,770,1250,1,12683.332
1541,epoch,771,1250,1,12957.73
1543,epoch,772,1250,1,12373.332
1545,epoch,773,1250,1,12725.731
1547,epoch,774,1250,1,12433.062
1549,epoch,775,1250,1,12400.354
1551,epoch,776,1250,1,12458.56
1553,epoch,777,1250,1,12218.707
1555,epoch,778,1250,1,12406.902
1557,epoch,779,1250,1,12067.201
1559,epoch,780,1250,1,12278.518
1561,epoch,781,1250,1,12005.343
1563,epoch,782,1250,1,12110.655
1565,epoch,783,1250,1,11959.214
1567,epoch,784,1250,1,11904.359
1569,epoch,785,1250,1,11882.119
1571,epoch,786,1250,1,11791.318
1573,epoch,787,1250,1,11793.242
1575,epoch,788,1250,1,11661.87
1577,epoch,789,1250,1,11698.808
1579,epoch,790,1250,1,11583.1045
1581,epoch,791,1250,1,11605.61
1583,epoch,792,1250,1,11482.009
1585,epoch,793,1250,1,11509.871
1587,epoch,794,1250,1,11418.049
1589,epoch,795,1250,1,11433.47
1591,epoch,796,1250,1,11351.301
1593,epoch,797,1250,1,11349.064
1595,epoch,798,1250,1,11281.168
1597,epoch,799,1250,1,11277.872
1599,epoch,800,1250,1,11223.946
1601,epoch,801,1250,1,11246.334
1603,epoch,802,1250,1,11276.524
1605,epoch,803,1250,1,11276.056
1607,epoch,804,1250,1,11289.46
1609,epoch,805,1250,1,11081.209
1611,epoch,806,1250,1,10992.944
1613,epoch,807,1250,1,11087.715
1615,epoch,808,1250,1,10964.837
1617,epoch,809,1250,1,10892.592
1619,epoch,810,1250,1,10852.386
1621,epoch,811,1250,1,10874.81
1623,epoch,812,1250,1,10817.109
1625,epoch,813,1250,1,10745.099
1627,epoch,814,1250,1,10706.281
1629,epoch,815,1250,1,10736.076
1631,epoch,816,1250,1,10665.05
1633,epoch,817,1250,1,10617.774
1635,epoch,818,1250,1,10545.996
1637,epoch,819,1250,1,10521.697
1639,epoch,820,1250,1,10499.789
1641,epoch,821,1250,1,10506.298
1643,epoch,822,1250,1,10556.8955
1645,epoch,823,1250,1,10527.794
1647,epoch,824,1250,1,10611.249
1649,epoch,825,1250,1,10404.433
1651,epoch,826,1250,1,10297.751
1653,epoch,827,1250,1,10240.175
1655,epoch,828,1250,1,10220.202
1657,epoch,829,1250,1,10243.837
1659,epoch,830,1250,1,10208.194
1661,epoch,831,1250,1,10198.93
1663,epoch,832,1250,1,9997.07
1665,epoch,833,1250,1,9993.874
1667,epoch,834,1250,1,9964.415
1669,epoch,835,1250,1,9951.911
1671,epoch,836,1250,1,9940.519
1673,epoch,837,1250,1,10082.017
1675,epoch,838,1250,1,9755.945
1677,epoch,839,1250,1,9551.387
1679,epoch,840,1250,1,9540.789
1681,epoch,841,1250,1,9533.562
1683,epoch,842,1250,1,9515.087
1685,epoch,843,1250,1,9318.073
1687,epoch,844,1250,1,9174.426
1689,epoch,845,1250,1,9094.943
1691,epoch,846,1250,1,9095.8
1693,epoch,847,1250,1,9255.147
1695,epoch,848,1250,1,9019.147
1697,epoch,849,1250,1,8982.933
1699,epoch,850,1250,1,8497.349
1701,epoch,851,1250,1,8414.281
1703,epoch,852,1250,1,8592.968
1705,epoch,853,1250,1,7977.5264
1707,epoch,854,1250,1,7856.002
1709,epoch,855,1250,1,8127.5474
1711,epoch,856,1250,1,7316.3164
1713,epoch,857,1250,1,7853.459
1715,epoch,858,1250,1,8447.553
1717,epoch,859,1250,1,8184.082
1719,epoch,860,1250,1,7058.7104
1721,epoch,861,1250,1,8177.734
1723,epoch,862,1250,1,7096.9595
1725,epoch,863,1250,1,7402.6074
1727,epoch,864,1250,1,7254.283
1729,epoch,865,1250,1,6947.5
1731,epoch,866,1250,1,6299.6763
1733,epoch,867,1250,1,6307.105
1735,epoch,868,1250,1,6118.7065
1737,epoch,869,1250,1,5398.6533
1739,epoch,870,1250,1,5650.694
1741,epoch,871,1250,1,5340.265
1743,epoch,872,1250,1,5326.0254
1745,epoch,873,1250,1,5009.8916
1747,epoch,874,1250,1,4710.756
1749,epoch,875,1250,1,4861.2563
1751,epoch,876,1250,1,4689.54
1753,epoch,877,1250,1,4473.235
1755,epoch,878,1250,1,4335.9546
1757,epoch,879,1250,1,4220.865
1759,epoch,880,1250,1,4227.1904
1761,epoch,881,1250,1,4068.4583
1763,epoch,882,1250,1,3940.516
1765,epoch,883,1250,1,3812.8801
1767,epoch,884,1250,1,3685.9158
1769,epoch,885,1250,1,3603.7346
1771,epoch,886,1250,1,3476.4167
1773,epoch,887,1250,1,3392.2688
1775,epoch,888,1250,1,3254.9556
1777,epoch,889,1250,1,3224.5237
1779,epoch,890,1250,1,3090.8645
1781,epoch,891,1250,1,3015.8665
1783,epoch,892,1250,1,2934.7166
1785,epoch,893,1250,1,2828.788
1787,epoch,894,1250,1,2774.1008
1789,epoch,895,1250,1,2683.1584
1791,epoch,896,1250,1,2635.8772
1793,epoch,897,1250,1,2567.578
1795,epoch,898,1250,1,2496.1438
1797,epoch,899,1250,1,2435.129
1799,epoch,900,1250,1,2386.774
1801,epoch,901,1250,1,2311.791
1803,epoch,902,1250,1,2258.1833
1805,epoch,903,1250,1,2193.431
1807,epoch,904,1250,1,2137.9043
1809,epoch,905,1250,1,2090.5571
1811,epoch,906,1250,1,2055.3613
1813,epoch,907,1250,1,1999.4
1815,epoch,908,1250,1,1949.0286
1817,epoch,909,1250,1,1906.2065
1819,epoch,910,1250,1,1866.0553
1821,epoch,911,1250,1,1818.3971
1823,epoch,912,1250,1,1763.1892
1825,epoch,913,1250,1,1716.4299
1827,epoch,914,1250,1,1671.8243
1829,epoch,915,1250,1,1629.9562
1831,epoch,916,1250,1,1594.1492
1833,epoch,917,1250,1,1560.5327
1835,epoch,918,1250,1,1533.5908
1837,epoch,919,1250,1,1506.673
1839,epoch,920,1250,1,1479.707
1841,epoch,921,1250,1,1456.6545
1843,epoch,922,1250,1,1429.8989
1845,epoch,923,1250,1,1403.4492
1847,epoch,924,1250,1,1374.2267
1849,epoch,925,1250,1,1343.733
1851,epoch,926,1250,1,1312.4805
1853,epoch,927,1250,1,1288.4636
1855,epoch,928,1250,1,1272.6821
1857,epoch,929,1250,1,1259.478
1859,epoch,930,1250,1,1251.4958
1861,epoch,931,1250,1,1248.5204
1863,epoch,932,1250,1,1249.5774
1865,epoch,933,1250,1,1232.5522
1867,epoch,934,1250,1,1201.0524
1869,epoch,935,1250,1,1158.6951
1871,epoch,936,1250,1,1129.1044
1873,epoch,937,1250,1,1112.5155
1875,epoch,938,1250,1,1102.4851
1877,epoch,939,1250,1,1097.3914
1879,epoch,940,1250,1,1093.5409
1881,epoch,941,1250,1,1096.377
1883,epoch,942,1250,1,1095.5813
1885,epoch,943,1250,1,1098.1525
1887,epoch,944,1250,1,1073.0789
1889,epoch,945,1250,1,1040.5804
1891,epoch,946,1250,1,1001.10974
1893,epoch,947,1250,1,977.7996
1895,epoch,948,1250,1,972.74896
1897,epoch,949,1250,1,978.2633
1899,epoch,950,1250,1,986.4865
1901,epoch,951,1250,1,983.11914
1903,epoch,952,1250,1,971.5782
1905,epoch,953,1250,1,945.1561
1907,epoch,954,1250,1,919.83453
1909,epoch,955,1250,1,901.45807
1911,epoch,956,1250,1,894.2494
1913,epoch,957,1250,1,895.35077
1915,epoch,958,1250,1,898.02563
1917,epoch,959,1250,1,901.5935
1919,epoch,960,1250,1,898.14136
1921,epoch,961,1250,1,894.1379
1923,epoch,962,1250,1,887.3679
1925,epoch,963,1250,1,897.0526
1927,epoch,964,1250,1,956.8912
1929,epoch,965,1250,1,1066.3198
1931,epoch,966,1250,1,1141.2413
1933,epoch,967,1250,1,943.19305
1935,epoch,968,1250,1,838.207
1937,epoch,969,1250,1,960.03015
1939,epoch,970,1250,1,939.2896
1941,epoch,971,1250,1,800.74115
1943,epoch,972,1250,1,846.797
1945,epoch,973,1250,1,891.2785
1947,epoch,974,1250,1,801.23535
1949,epoch,975,1250,1,824.0473
1951,epoch,976,1250,1,853.4616
1953,epoch,977,1250,1,785.9907
1955,epoch,978,1250,1,804.2777
1957,epoch,979,1250,1,816.2509
1959,epoch,980,1250,1,758.29236
1961,epoch,981,1250,1,770.2759
1963,epoch,982,1250,1,771.38617
1965,epoch,983,1250,1,731.4236
1967,epoch,984,1250,1,746.82635
1969,epoch,985,1250,1,741.5583
1971,epoch,986,1250,1,713.8197
1973,epoch,987,1250,1,726.77924
1975,epoch,988,1250,1,719.79065
1977,epoch,989,1250,1,699.77966
1979,epoch,990,1250,1,709.77234
1981,epoch,991,1250,1,706.69226
1983,epoch,992,1250,1,698.14923
1985,epoch,993,1250,1,720.8434
1987,epoch,994,1250,1,762.37537
1989,epoch,995,1250,1,845.0575
1991,epoch,996,1250,1,1054.919
1993,epoch,997,1250,1,1114.9681
1995,epoch,998,1250,1,1038.2548
1997,epoch,999,1250,1,730.1981
1999,epoch,1000,1250,1,753.18896
2001,epoch,1001,1250,1,927.8008
2003,epoch,1002,1250,1,817.12274
2005,epoch,1003,1250,1,699.29974
2007,epoch,1004,1250,1,744.9404
2009,epoch,1005,1250,1,777.53644
2011,epoch,1006,1250,1,712.3931
2013,epoch,1007,1250,1,669.42786
2015,epoch,1008,1250,1,696.92944
2017,epoch,1009,1250,1,705.01385
2019,epoch,1010,1250,1,658.30005
2021,epoch,1011,1250,1,640.6536
2023,epoch,1012,1250,1,676.1315
2025,epoch,1013,1250,1,657.81647
2027,epoch,1014,1250,1,613.0837
2029,epoch,1015,1250,1,641.6537
2031,epoch,1016,1250,1,649.6253
2033,epoch,1017,1250,1,601.9574
2035,epoch,1018,1250,1,610.353
2037,epoch,1019,1250,1,632.764
2039,epoch,1020,1250,1,598.41547
2041,epoch,1021,1250,1,586.04285
2043,epoch,1022,1250,1,607.1918
2045,epoch,1023,1250,1,594.17773
2047,epoch,1024,1250,1,573.35895
2049,epoch,1025,1250,1,581.9477
2051,epoch,1026,1250,1,584.74445
2053,epoch,1027,1250,1,568.95996
2055,epoch,1028,1250,1,564.51196
2057,epoch,1029,1250,1,570.7469
2059,epoch,1030,1250,1,565.1363
2061,epoch,1031,1250,1,555.38806
2063,epoch,1032,1250,1,557.1278
2065,epoch,1033,1250,1,558.3101
2067,epoch,1034,1250,1,549.91034
2069,epoch,1035,1250,1,545.4672
2071,epoch,1036,1250,1,548.5253
2073,epoch,1037,1250,1,546.6711
2075,epoch,1038,1250,1,539.47015
2077,epoch,1039,1250,1,536.5023
2079,epoch,1040,1250,1,538.20715
2081,epoch,1041,1250,1,536.78064
2083,epoch,1042,1250,1,531.50287
2085,epoch,1043,1250,1,528.93353
2087,epoch,1044,1250,1,529.1094
2089,epoch,1045,1250,1,527.1961
2091,epoch,1046,1250,1,523.4715
2093,epoch,1047,1250,1,521.2523
2095,epoch,1048,1250,1,520.97034
2097,epoch,1049,1250,1,519.9571
2099,epoch,1050,1250,1,516.9163
2101,epoch,1051,1250,1,514.093
2103,epoch,1052,1250,1,512.74023
2105,epoch,1053,1250,1,511.74435
2107,epoch,1054,1250,1,509.93384
2109,epoch,1055,1250,1,507.44336
2111,epoch,1056,1250,1,505.56503
2113,epoch,1057,1250,1,504.50217
2115,epoch,1058,1250,1,503.44693
2117,epoch,1059,1250,1,501.97824
2119,epoch,1060,1250,1,500.0455
2121,epoch,1061,1250,1,498.4208
2123,epoch,1062,1250,1,497.3201
2125,epoch,1063,1250,1,496.72202
2127,epoch,1064,1250,1,496.50327
2129,epoch,1065,1250,1,496.7907
2131,epoch,1066,1250,1,498.50598
2133,epoch,1067,1250,1,503.5456
2135,epoch,1068,1250,1,514.38306
2137,epoch,1069,1250,1,538.84955
2139,epoch,1070,1250,1,579.53796
2141,epoch,1071,1250,1,659.96094
2143,epoch,1072,1250,1,736.3103
2145,epoch,1073,1250,1,809.5942
2147,epoch,1074,1250,1,724.1829
2149,epoch,1075,1250,1,574.6685
2151,epoch,1076,1250,1,507.37308
2153,epoch,1077,1250,1,564.846
2155,epoch,1078,1250,1,619.58453
2157,epoch,1079,1250,1,550.357
2159,epoch,1080,1250,1,500.25623
2161,epoch,1081,1250,1,539.9565
2163,epoch,1082,1250,1,548.5359
2165,epoch,1083,1250,1,498.4867
2167,epoch,1084,1250,1,484.65903
2169,epoch,1085,1250,1,525.2037
2171,epoch,1086,1250,1,520.8433
2173,epoch,1087,1250,1,474.59998
2175,epoch,1088,1250,1,484.3362
2177,epoch,1089,1250,1,510.0078
2179,epoch,1090,1250,1,486.02798
2181,epoch,1091,1250,1,471.9281
2183,epoch,1092,1250,1,487.69257
2185,epoch,1093,1250,1,483.27905
2187,epoch,1094,1250,1,463.62476
2189,epoch,1095,1250,1,467.96466
2191,epoch,1096,1250,1,479.93277
2193,epoch,1097,1250,1,470.5122
2195,epoch,1098,1250,1,459.15192
2197,epoch,1099,1250,1,463.9504
2199,epoch,1100,1250,1,466.39197
2201,epoch,1101,1250,1,456.18585
2203,epoch,1102,1250,1,452.44208
2205,epoch,1103,1250,1,458.79883
2207,epoch,1104,1250,1,459.1942
2209,epoch,1105,1250,1,452.8256
2211,epoch,1106,1250,1,450.39493
2213,epoch,1107,1250,1,453.45383
2215,epoch,1108,1250,1,452.56036
2217,epoch,1109,1250,1,447.09616
2219,epoch,1110,1250,1,444.10303
2221,epoch,1111,1250,1,445.92874
2223,epoch,1112,1250,1,447.17645
2225,epoch,1113,1250,1,446.25885
2227,epoch,1114,1250,1,445.99213
2229,epoch,1115,1250,1,452.51135
2231,epoch,1116,1250,1,466.19794
2233,epoch,1117,1250,1,497.4557
2235,epoch,1118,1250,1,546.5783
2237,epoch,1119,1250,1,667.95654
2239,epoch,1120,1250,1,761.25244
2241,epoch,1121,1250,1,866.4879
2243,epoch,1122,1250,1,637.36884
2245,epoch,1123,1250,1,452.7721
2247,epoch,1124,1250,1,517.11633
2249,epoch,1125,1250,1,625.9367
2251,epoch,1126,1250,1,566.6085
2253,epoch,1127,1250,1,447.3246
2255,epoch,1128,1250,1,520.5705
2257,epoch,1129,1250,1,564.85474
2259,epoch,1130,1250,1,451.41956
2261,epoch,1131,1250,1,476.5281
2263,epoch,1132,1250,1,523.55255
2265,epoch,1133,1250,1,438.3383
2267,epoch,1134,1250,1,465.21967
2269,epoch,1135,1250,1,503.63083
2271,epoch,1136,1250,1,440.31088
2273,epoch,1137,1250,1,451.88037
2275,epoch,1138,1250,1,475.2038
2277,epoch,1139,1250,1,430.47552
2279,epoch,1140,1250,1,443.59857
2281,epoch,1141,1250,1,461.54172
2283,epoch,1142,1250,1,427.67896
2285,epoch,1143,1250,1,435.74908
2287,epoch,1144,1250,1,449.83575
2289,epoch,1145,1250,1,422.42374
2291,epoch,1146,1250,1,428.39404
2293,epoch,1147,1250,1,439.28006
2295,epoch,1148,1250,1,417.69983
2297,epoch,1149,1250,1,422.7042
2299,epoch,1150,1250,1,431.8453
2301,epoch,1151,1250,1,416.02417
2303,epoch,1152,1250,1,416.7962
2305,epoch,1153,1250,1,424.08298
2307,epoch,1154,1250,1,413.8115
2309,epoch,1155,1250,1,410.74915
2311,epoch,1156,1250,1,417.16937
2313,epoch,1157,1250,1,411.72485
2315,epoch,1158,1250,1,406.6266
2317,epoch,1159,1250,1,411.5523
2319,epoch,1160,1250,1,409.79736
2321,epoch,1161,1250,1,403.84247
2323,epoch,1162,1250,1,404.86658
2325,epoch,1163,1250,1,406.1295
2327,epoch,1164,1250,1,402.3224
2329,epoch,1165,1250,1,399.91235
2331,epoch,1166,1250,1,401.64233
2333,epoch,1167,1250,1,401.06567
2335,epoch,1168,1250,1,397.53256
2337,epoch,1169,1250,1,397.11267
2339,epoch,1170,1250,1,398.0527
2341,epoch,1171,1250,1,396.45596
2343,epoch,1172,1250,1,394.17093
2345,epoch,1173,1250,1,394.04742
2347,epoch,1174,1250,1,394.64505
2349,epoch,1175,1250,1,393.94733
2351,epoch,1176,1250,1,393.21774
2353,epoch,1177,1250,1,395.0539
2355,epoch,1178,1250,1,399.67206
2357,epoch,1179,1250,1,408.60672
2359,epoch,1180,1250,1,426.39932
2361,epoch,1181,1250,1,470.56723
2363,epoch,1182,1250,1,544.4574
2365,epoch,1183,1250,1,708.7594
2367,epoch,1184,1250,1,808.849
2369,epoch,1185,1250,1,900.22076
2371,epoch,1186,1250,1,587.48376
2373,epoch,1187,1250,1,399.762
2375,epoch,1188,1250,1,501.80975
2377,epoch,1189,1250,1,576.9738
2379,epoch,1190,1250,1,474.326
2381,epoch,1191,1250,1,397.38754
2383,epoch,1192,1250,1,487.9248
2385,epoch,1193,1250,1,501.26334
2387,epoch,1194,1250,1,399.67532
2389,epoch,1195,1250,1,439.75177
2391,epoch,1196,1250,1,475.12732
2393,epoch,1197,1250,1,392.28854
2395,epoch,1198,1250,1,424.78586
2397,epoch,1199,1250,1,456.99185
2399,epoch,1200,1250,1,386.98422
2401,epoch,1201,1250,1,411.40375
2403,epoch,1202,1250,1,435.7475
2405,epoch,1203,1250,1,385.88727
2407,epoch,1204,1250,1,406.6781
2409,epoch,1205,1250,1,418.7254
2411,epoch,1206,1250,1,379.038
2413,epoch,1207,1250,1,400.12094
2415,epoch,1208,1250,1,407.3753
2417,epoch,1209,1250,1,375.85718
2419,epoch,1210,1250,1,393.04013
2421,epoch,1211,1250,1,396.53818
2423,epoch,1212,1250,1,373.62177
2425,epoch,1213,1250,1,387.62573
2427,epoch,1214,1250,1,388.74057
2429,epoch,1215,1250,1,370.48883
2431,epoch,1216,1250,1,381.4224
2433,epoch,1217,1250,1,383.49
2435,epoch,1218,1250,1,368.51324
2437,epoch,1219,1250,1,375.38278
2439,epoch,1220,1250,1,377.94504
2441,epoch,1221,1250,1,366.59903
2443,epoch,1222,1250,1,370.76492
2445,epoch,1223,1250,1,374.05402
2447,epoch,1224,1250,1,364.77982
2449,epoch,1225,1250,1,365.42725
2451,epoch,1226,1250,1,369.84778
2453,epoch,1227,1250,1,364.05893
2455,epoch,1228,1250,1,361.85007
2457,epoch,1229,1250,1,365.6631
2459,epoch,1230,1250,1,362.93893
2461,epoch,1231,1250,1,358.97476
2463,epoch,1232,1250,1,360.94464
2465,epoch,1233,1250,1,361.39084
2467,epoch,1234,1250,1,357.92368
2469,epoch,1235,1250,1,357.56503
2471,epoch,1236,1250,1,358.87592
2473,epoch,1237,1250,1,357.138
2475,epoch,1238,1250,1,354.90482
2477,epoch,1239,1250,1,355.3358
2479,epoch,1240,1250,1,355.60056
2481,epoch,1241,1250,1,353.78302
2483,epoch,1242,1250,1,352.66644
2485,epoch,1243,1250,1,353.08084
2487,epoch,1244,1250,1,352.74298
2489,epoch,1245,1250,1,351.35257
2491,epoch,1246,1250,1,350.5072
2493,epoch,1247,1250,1,350.57193
2495,epoch,1248,1250,1,350.205
2497,epoch,1249,1250,1,349.08124
2499,epoch,1250,1250,1,348.2576
